# Dataset of rays (randomized to have chance to hit bunny)
# Format per line: ox oy oz dx dy dz tmin tmax
# center = -0.0168008 0.110153 -0.00148226
-0.02973801 0.03487276 -0.25148226 0.25707439 0.17977670 0.94952256 0.0 100.0
-0.06433208 0.12029750 -0.25148226 -0.01973972 -0.27013169 0.96262101 0.0 100.0
-0.00716876 0.06010409 -0.25148226 -0.00448519 0.09056231 0.99588069 0.0 100.0
-0.08021530 0.18371328 -0.25148226 0.22061034 -0.32332389 0.92021342 0.0 100.0
0.01717396 0.06250586 -0.25148226 -0.24463818 -0.10687002 0.96370688 0.0 100.0
0.05573340 0.18373764 -0.25148226 -0.10179912 -0.44110972 0.89166089 0.0 100.0
0.04072710 0.15177644 -0.25148226 -0.38043109 -0.36562265 0.84946587 0.0 100.0
0.04301873 0.12215370 -0.25148226 -0.08910095 -0.20468708 0.97476367 0.0 100.0
0.01568743 0.16007543 -0.25148226 0.04907114 -0.29466366 0.95434027 0.0 100.0
-0.06080700 0.15655068 -0.25148226 0.18618306 -0.33543353 0.92348266 0.0 100.0
-0.01397080 0.18064302 -0.25148226 -0.21776935 -0.35951387 0.90737329 0.0 100.0
0.03474384 0.05640469 -0.25148226 -0.39583518 0.25280619 0.88283834 0.0 100.0
-0.04414596 0.04088958 -0.25148226 0.19084747 0.01425066 0.98151626 0.0 100.0
0.04845448 0.15454195 -0.25148226 -0.08208432 -0.23106586 0.96946931 0.0 100.0
0.02373590 0.10719854 -0.25148226 -0.42670892 0.08778178 0.90011880 0.0 100.0
0.00028052 0.09798539 -0.25148226 0.18366501 -0.11646741 0.97606481 0.0 100.0
0.01400789 0.11884591 -0.25148226 -0.29389793 -0.18431393 0.93789785 0.0 100.0
-0.05859411 0.05844419 -0.25148226 0.03454303 0.22170485 0.97450179 0.0 100.0
-0.09386346 0.03379938 -0.25148226 0.27775477 0.10143493 0.95528176 0.0 100.0
0.02950848 0.04804429 -0.25148226 -0.15558539 0.16302437 0.97427729 0.0 100.0
0.05376450 0.09735370 -0.25148226 -0.47287106 0.30396343 0.82704244 0.0 100.0
-0.04310560 0.09398136 -0.25148226 -0.09203337 0.17047947 0.98105383 0.0 100.0
-0.05575499 0.09682080 -0.25148226 0.32729414 -0.06461642 0.94271060 0.0 100.0
-0.02292913 0.06328860 -0.25148226 0.12020725 0.00505328 0.99273596 0.0 100.0
0.04432589 0.08407059 -0.25148226 -0.32129565 0.11000598 0.94056780 0.0 100.0
0.00973097 0.15601197 -0.25148226 -0.25633848 -0.22947979 0.93895134 0.0 100.0
-0.01421166 0.12153284 -0.25148226 0.07054047 -0.31403788 0.94678628 0.0 100.0
0.01555980 0.03873921 -0.25148226 0.02262389 0.38696944 0.92181496 0.0 100.0
-0.02468736 0.07393540 -0.25148226 0.19550379 0.14525413 0.96988634 0.0 100.0
-0.08982608 0.08634259 -0.25148226 0.45606862 0.16773449 0.87399460 0.0 100.0
0.05051981 0.03801346 -0.25148226 -0.21049887 0.09898681 0.97256971 0.0 100.0
-0.06616698 0.08696630 -0.25148226 0.35148424 0.18205268 0.91832219 0.0 100.0
-0.08266843 0.07954535 -0.25148226 0.45303502 -0.16488015 0.87611289 0.0 100.0
-0.08167958 0.15895695 -0.25148226 0.11543903 -0.29900423 0.94724353 0.0 100.0
-0.07674400 0.11230399 -0.25148226 0.41606832 -0.10519367 0.90322835 0.0 100.0
-0.08804804 0.04861950 -0.25148226 0.06440532 0.06316541 0.99592273 0.0 100.0
-0.03869479 0.18357298 -0.25148226 -0.05742781 -0.09237672 0.99406669 0.0 100.0
-0.01251768 0.11775648 -0.25148226 0.07904012 -0.08411309 0.99331649 0.0 100.0
0.02630436 0.05660900 -0.25148226 -0.12983101 0.22799409 0.96496767 0.0 100.0
-0.06897912 0.09702607 -0.25148226 -0.07255641 0.12807769 0.98910650 0.0 100.0
-0.03952736 0.15875863 -0.25148226 0.16912405 -0.43968742 0.88208391 0.0 100.0
-0.08728359 0.08144778 -0.25148226 0.41142730 -0.10136037 0.90578897 0.0 100.0
-0.08557997 0.05018856 -0.25148226 0.55035877 -0.00816877 0.83488831 0.0 100.0
0.05148091 0.08077600 -0.25148226 -0.40691262 -0.11830788 0.90577335 0.0 100.0
-0.08524291 0.06712905 -0.25148226 0.11217961 0.35744918 0.92717087 0.0 100.0
-0.00312543 0.07045450 -0.25148226 0.19168854 0.35052335 0.91672727 0.0 100.0
0.04527584 0.11840498 -0.25148226 0.02279398 0.06322027 0.99773926 0.0 100.0
0.01925022 0.16383345 -0.25148226 -0.34655774 -0.31289031 0.88430616 0.0 100.0
0.02478958 0.11946337 -0.25148226 -0.41005416 -0.18575671 0.89294459 0.0 100.0
0.05776621 0.06793918 -0.25148226 -0.32157346 0.24194884 0.91545140 0.0 100.0
-0.00715107 0.13330987 -0.25148226 0.22149454 0.19074818 0.95632385 0.0 100.0
-0.08970574 0.17371607 -0.25148226 0.47605714 -0.29231350 0.82941088 0.0 100.0
0.01188966 0.09809000 -0.25148226 -0.36390304 -0.10821182 0.92512960 0.0 100.0
-0.00652985 0.05962266 -0.25148226 0.09428370 0.45911981 0.88335700 0.0 100.0
-0.00589082 0.13109213 -0.25148226 0.13882438 -0.00430812 0.99030764 0.0 100.0
0.01741217 0.03696072 -0.25148226 0.11100789 0.43867031 0.89176544 0.0 100.0
-0.06309736 0.12945658 -0.25148226 -0.12224483 -0.15905730 0.97967187 0.0 100.0
-0.00729924 0.07179710 -0.25148226 -0.29535066 0.33900908 0.89321936 0.0 100.0
-0.00753621 0.03585318 -0.25148226 0.00188952 0.38541752 0.92274036 0.0 100.0
-0.04342779 0.05304381 -0.25148226 0.18958151 0.11898286 0.97462912 0.0 100.0
-0.06177924 0.09375800 -0.25148226 0.26398313 0.00455371 0.96451655 0.0 100.0
0.01854823 0.15784853 -0.25148226 -0.09632408 0.10934706 0.98932547 0.0 100.0
-0.01103144 0.13448526 -0.25148226 0.21889243 0.02178641 0.97550574 0.0 100.0
-0.06976244 0.09816515 -0.25148226 0.27666058 0.15627608 0.94817546 0.0 100.0
-0.05305261 0.08167744 -0.25148226 0.11209581 0.05890513 0.99194996 0.0 100.0
-0.03390547 0.13203608 -0.25148226 0.19561948 -0.22855926 0.95367378 0.0 100.0
0.02216034 0.05721155 -0.25148226 -0.38801246 0.00240076 0.92165100 0.0 100.0
0.04732963 0.09282674 -0.25148226 -0.37473396 0.14814467 0.91521998 0.0 100.0
-0.08829655 0.07100659 -0.25148226 0.34900907 0.13087840 0.92793508 0.0 100.0
-0.03353263 0.05438317 -0.25148226 0.20691606 0.12939937 0.96976366 0.0 100.0
-0.00628225 0.17164458 -0.25148226 0.12972487 -0.43148273 0.89274527 0.0 100.0
-0.09265093 0.14935685 -0.25148226 0.15333386 0.15318278 0.97622936 0.0 100.0
-0.01552658 0.10886018 -0.25148226 0.16481757 0.05299063 0.98489957 0.0 100.0
-0.04478531 0.04829187 -0.25148226 -0.07532717 -0.02852429 0.99675081 0.0 100.0
0.01206803 0.14929090 -0.25148226 0.06673904 -0.43887988 0.89606381 0.0 100.0
0.00788183 0.03348611 -0.25148226 -0.17381145 0.31357031 0.93352196 0.0 100.0
0.00113519 0.17921829 -0.25148226 0.21916835 -0.38628933 0.89596082 0.0 100.0
-0.09105629 0.05191534 -0.25148226 0.26806874 0.33172427 0.90448779 0.0 100.0
-0.07895236 0.13857624 -0.25148226 0.39178125 -0.12503878 0.91152222 0.0 100.0
-0.06382785 0.07451317 -0.25148226 0.41968792 0.41707618 0.80616966 0.0 100.0
0.05096654 0.17357721 -0.25148226 -0.06884436 -0.32196782 0.94424423 0.0 100.0
0.03109119 0.05472920 -0.25148226 -0.41597959 0.12721428 0.90043185 0.0 100.0
-0.09055550 0.18002189 -0.25148226 0.36322069 -0.24309010 0.89943200 0.0 100.0
-0.07812766 0.14823315 -0.25148226 0.30559104 -0.34478942 0.88754401 0.0 100.0
-0.03940316 0.17671906 -0.25148226 -0.00791123 -0.46098466 0.88737284 0.0 100.0
-0.04293858 0.04418081 -0.25148226 -0.09900453 0.23308558 0.96740334 0.0 100.0
-0.00787431 0.05359700 -0.25148226 -0.26728776 0.00731242 0.96358901 0.0 100.0
-0.07322575 0.13837929 -0.25148226 0.20994442 -0.04147038 0.97683343 0.0 100.0
-0.05471175 0.14128191 -0.25148226 0.16455042 -0.20788442 0.96421327 0.0 100.0
-0.06298218 0.04880678 -0.25148226 0.44261676 0.32895791 0.83419248 0.0 100.0
0.03022999 0.06169965 -0.25148226 -0.07455087 0.21071218 0.97470126 0.0 100.0
-0.03041536 0.18011211 -0.25148226 0.21272811 -0.34749569 0.91323244 0.0 100.0
-0.05433347 0.05365001 -0.25148226 0.13582144 0.34443853 0.92893199 0.0 100.0
0.00446761 0.09891104 -0.25148226 -0.19711191 0.20526746 0.95865122 0.0 100.0
0.00858405 0.11909992 -0.25148226 0.08862312 0.02118519 0.99583991 0.0 100.0
-0.03642219 0.08091243 -0.25148226 -0.04376914 0.31173169 0.94916153 0.0 100.0
0.00082941 0.10260784 -0.25148226 -0.07853103 -0.20972830 0.97460090 0.0 100.0
-0.00317510 0.08714151 -0.25148226 -0.03955169 0.31551996 0.94809431 0.0 100.0
-0.08242951 0.17870048 -0.25148226 0.36117852 -0.06667878 0.93010968 0.0 100.0
-0.06200604 0.05359935 -0.25148226 0.28209474 0.44875413 0.84796361 0.0 100.0
